0,-1.38974,-0.800261,-1.58906,-2.99904,-1.12529,-1.30886,-1.43438,-1.2399,-1.52303,-1.80128,-0.772211,-2.1351,-2.44574,-1.17091,-2.71897,-1.84053,-1.60815,-2.40828,-2.2041,0,-1.94331,-1.70292,-1.44659,-2.51271,-2.37848
-1.38974,0,-1.26032,-1.62501,-3.46094,-1.47985,-0.794943,-1.45549,-1.09348,-1.36476,-2.12577,-1.31251,-1.92604,-2.79075,-1.81866,-3.29295,-2.82217,-1.588,-3.4431,-3.2302,0,-2.92647,-1.6316,-0.981979,-2.92655,-2.25017
-0.800261,-1.26032,0,-1.61855,-3.13788,-1.05811,-1.19764,-1.45026,-1.10224,-1.50895,-1.73849,-0.72924,-2.14073,-2.55854,-1.19064,-2.87131,-1.98212,-1.62762,-2.58547,-2.36517,0,-2.07965,-1.71756,-1.29433,-2.63784,-2.40609
-1.58906,-1.62501,-1.61855,0,-2.17245,-2.14991,-1.4761,-0.814896,-1.98478,-0.896857,-2.99285,-1.64199,-1.0911,-1.56845,-2.26633,-2.0783,-2.71353,-0.737838,-2.99976,-2.96734,0,-2.86487,-0.791976,-2.0104,-1.69856,-1.25566
-2.99904,-3.46094,-3.13788,-2.17245,0,-3.70133,-3.27347,-2.34728,-3.7429,-2.50708,-4.52278,-3.12692,-2.20895,-1.11955,-3.58774,-0.948709,-3.25753,-2.23172,-2.9603,-3.20986,0,-3.41616,-2.22664,-3.86167,-1.01028,-1.96796
-1.12529,-1.47985,-1.05811,-2.14991,-3.70133,0,-1.48626,-1.9592,-1.04288,-2.00393,-1.25209,-1.04841,-2.69587,-3.13242,-0.973406,-3.39972,-1.96464,-2.15604,-2.69381,-2.39032,0,-2.01842,-2.25136,-1.2887,-3.20205,-2.98647
-1.30886,-0.794943,-1.19764,-1.4761,-3.27347,-1.48626,0,-1.31191,-1.14532,-1.23398,-2.17987,-1.2482,-1.79275,-2.61077,-1.79134,-3.10657,-2.72915,-1.44293,-3.31629,-3.12208,0,-2.84029,-1.48909,-1.08208,-2.74385,-2.10495
-1.43438,-1.45549,-1.45026,-0.814896,-2.34728,-1.9592,-1.31191,0,-1.78913,-0.826163,-2.78624,-1.47612,-1.20482,-1.73307,-2.09345,-2.22402,-2.61566,-0.812265,-2.96155,-2.89686,0,-2.76115,-0.87717,-1.81789,-1.85876,-1.40878
-1.2399,-1.09348,-1.10224,-1.98478,-3.7429,-1.04288,-1.14532,-1.78913,0,-1.76422,-1.55131,-1.13428,-2.42747,-3.10971,-1.38281,-3.50074,-2.45186,-1.96809,-3.1636,-2.88653,0,-2.52562,-2.04212,-0.889277,-3.21472,-2.74914
-1.52303,-1.36476,-1.50895,-0.896857,-2.50708,-2.00393,-1.23398,-0.826163,-1.76422,0,-2.82833,-1.54433,-1.15041,-1.86994,-2.18979,-2.41036,-2.80793,-0.856748,-3.18826,-3.10912,0,-2.95133,-0.879774,-1.74711,-2.01182,-1.39236
-1.80128,-2.12577,-1.73849,-2.99285,-4.52278,-1.25209,-2.17987,-2.78624,-1.55131,-2.82833,0,-1.72065,-3.56513,-3.98061,-1.2893,-4.18307,-2.18015,-2.99937,-2.99582,-2.60968,0,-2.16595,-3.10075,-1.76945,-4.0354,-3.87061
-0.772211,-1.31251,-0.72924,-1.64199,-3.12692,-1.04841,-1.2482,-1.47612,-1.13428,-1.54433,-1.72065,0,-2.17569,-2.55734,-1.15219,-2.85238,-1.92026,-1.65436,-2.52248,-2.3009,0,-2.01673,-1.74668,-1.33835,-2.63148,-2.43571
-2.1351,-1.92604,-2.14073,-1.0911,-2.20895,-2.69587,-1.79275,-1.20482,-2.42747,-1.15041,-3.56513,-2.17569,0,-1.61448,-2.86763,-2.24716,-3.35339,-1.05954,-3.59477,-3.59443,0,-3.51138,-0.981463,-2.37403,-1.78217,-0.901474
-2.44574,-2.79075,-2.55854,-1.56845,-1.11955,-3.13242,-2.61077,-1.73307,-3.10971,-1.86994,-3.98061,-2.55734,-1.61448,0,-3.08666,-1.14731,-2.99717,-1.6189,-2.89498,-3.05389,0,-3.16103,-1.6112,-3.19944,-0.803734,-1.43452
-1.17091,-1.81866,-1.19064,-2.26633,-3.58774,-0.973406,-1.79134,-2.09345,-1.38281,-2.18979,-1.2893,-1.15219,-2.86763,-3.08666,0,-3.24495,-1.56339,-2.29036,-2.27362,-1.96468,0,-1.60537,-2.39682,-1.66418,-3.12508,-3.12193
-2.71897,-3.29295,-2.87131,-2.0783,-0.948709,-3.39972,-3.10657,-2.22402,-3.50074,-2.41036,-4.18307,-2.85238,-2.24716,-1.14731,-3.24495,0,-2.8381,-2.14668,-2.53091,-2.77718,0,-2.99153,-2.1653,-3.6538,-1.00882,-2.06287
-1.84053,-2.82217,-1.98212,-2.71353,-3.25753,-1.96464,-2.72915,-2.61566,-2.45186,-2.80793,-2.18015,-1.92026,-3.35339,-2.99717,-1.56339,-2.8381,0,-2.77423,-1.23035,-0.966194,0,-0.782821,-2.88776,-2.77715,-2.94706,-3.49018
-1.60815,-1.588,-1.62762,-0.737838,-2.23172,-2.15604,-1.44293,-0.812265,-1.96809,-0.856748,-2.99937,-1.65436,-1.05954,-1.6189,-2.29036,-2.14668,-2.77423,0,-3.07549,-3.03655,0,-2.92483,-0.756177,-1.97945,-1.75502,-1.24294
-2.40828,-3.4431,-2.58547,-2.99976,-2.9603,-2.69381,-3.31629,-2.96155,-3.1636,-3.18826,-2.99582,-2.52248,-3.59477,-2.89498,-2.27362,-2.53091,-1.23035,-3.07549,0,-0.941485,0,-1.26319,-3.17968,-3.48488,-2.7894,-3.64389
-2.2041,-3.2302,-2.36517,-2.96734,-3.20986,-2.39032,-3.12208,-2.89686,-2.88653,-3.10912,-2.60968,-2.3009,-3.59443,-3.05389,-1.96468,-2.77718,-0.966194,-3.03655,-0.941485,0,0,-0.970545,-3.14739,-3.21641,-2.97246,-3.6887
0,0,0,0,0,0,0,0,0,0,0,0,0,0,0,0,0,0,0,0,0,0,0,0,0,0
-1.94331,-2.92647,-2.07965,-2.86487,-3.41616,-2.01842,-2.84029,-2.76115,-2.52562,-2.95133,-2.16595,-2.01673,-3.51138,-3.16103,-1.60537,-2.99153,-0.782821,-2.92483,-1.26319,-0.970545,0,0,-3.03985,-2.85668,-3.1091,-3.65354
-1.70292,-1.6316,-1.71756,-0.791976,-2.22664,-2.25136,-1.48909,-0.87717,-2.04212,-0.879774,-3.10075,-1.74668,-0.981463,-1.6112,-2.39682,-2.1653,-2.88776,-0.756177,-3.17968,-3.14739,0,-3.03985,0,-2.03738,-1.75542,-1.16765
-1.44659,-0.981979,-1.29433,-2.0104,-3.86167,-1.2887,-1.08208,-1.81789,-0.889277,-1.74711,-1.76945,-1.33835,-2.37403,-3.19944,-1.66418,-3.6538,-2.77715,-1.97945,-3.48488,-3.21641,0,-2.85668,-2.03738,0,-3.32307,-2.71164
-2.51271,-2.92655,-2.63784,-1.69856,-1.01028,-3.20205,-2.74385,-1.85876,-3.21472,-2.01182,-4.0354,-2.63148,-1.78217,-0.803734,-3.12508,-1.00882,-2.94706,-1.75502,-2.7894,-2.97246,0,-3.1091,-1.75542,-3.32307,0,-1.59883
-2.37848,-2.25017,-2.40609,-1.25566,-1.96796,-2.98647,-2.10495,-1.40878,-2.74914,-1.39236,-3.87061,-2.43571,-0.901474,-1.43452,-3.12193,-2.06287,-3.49018,-1.24294,-3.64389,-3.6887,0,-3.65354,-1.16765,-2.71164,-1.59883,0
